━━━━━━━━━━━━━━━━━━━━━━━━━━━━━━━━━━━━━━━━━━━━━━━━━━━━━━━━━━━━━━━━━━━━━━━━━━━━━━━━━
 Language              Files        Lines         Code     Comments       Blanks
━━━━━━━━━━━━━━━━━━━━━━━━━━━━━━━━━━━━━━━━━━━━━━━━━━━━━━━━━━━━━━━━━━━━━━━━━━━━━━━━━
 Autoconf                  2           18           18            0            0
 BASH                      2          912          647          152          113
 CSS                       1           54           41            5            8
 Dockerfile                4          253          166           44           43
 INI                       2           73           60            0           13
 JSON                     14         1461         1430            0           31
 Lua                      10          259          181           59           19
 Python                    1           53           41            1           11
 Rusty Object Nota|        2           37           28            9            0
 Shell                    62         7101         4789         1083         1229
 Plain Text               12          208            0          208            0
 TOML                     10         3016         2082          506          428
 YAML                      9         1023          616          356           51
 Zsh                      28         1588         1199          210          179
─────────────────────────────────────────────────────────────────────────────────
 Markdown                 13         2770            0         2161          609
 |- BASH                   3           90           77            9            4
 (Total)                             2860           77         2170          613
━━━━━━━━━━━━━━━━━━━━━━━━━━━━━━━━━━━━━━━━━━━━━━━━━━━━━━━━━━━━━━━━━━━━━━━━━━━━━━━━━
 Total                   172        18916        11375         4803         2738
━━━━━━━━━━━━━━━━━━━━━━━━━━━━━━━━━━━━━━━━━━━━━━━━━━━━━━━━━━━━━━━━━━━━━━━━━━━━━━━━━
